                 precision    recall  f1-score   support

          Bread       0.60      0.62      0.61       226
  Dairy product       0.79      0.49      0.60       100
        Dessert       0.69      0.63      0.66       373
            Egg       0.76      0.61      0.68       251
     Fried food       0.61      0.61      0.61       205
           Meat       0.65      0.80      0.72       358
  Noodles-Pasta       0.98      0.87      0.92       101
           Rice       0.85      0.84      0.85        76
        Seafood       0.68      0.67      0.67       222
           Soup       0.85      0.92      0.89       368
Vegetable-Fruit       0.79      0.86      0.83       187

       accuracy                           0.73      2467
      macro avg       0.75      0.72      0.73      2467
   weighted avg       0.73      0.73      0.72      2467
[[141   1  22  12  16  23   0   1   4   4   2]
 [  4  49  24   3  10   1   0   1   4   3   1]
 [ 20   3 236  10  18  44   0   2  14  20   6]
 [ 35   0  15 153   3  19   1   1  11   7   6]
 [  9   6   9   5 125  26   0   1  10   5   9]
 [ 11   0  12   3  18 285   0   1  14   6   8]
 [  0   0   1   2   2   0  88   2   2   4   0]
 [  2   0   2   0   0   1   0  64   0   5   2]
 [  6   1   9  10  10  26   0   0 149   3   8]
 [  2   2   7   3   1   7   1   1   4 340   0]
 [  5   0   3   1   1   4   0   1   8   3 161]]